37
MAC     0.000000000 0.363775343 0.354002755 0.352350648 0.352080739 0.352285204 0.365327980 0.380390417 0.360714368 0.386539817 0.460380999 0.466019688 0.421758100 0.428731206 0.381882175 0.374003200 0.399473130 0.435477934 0.386295591 0.364002807 0.353008476 0.362676221 0.390057457 0.376344304 0.385615423 0.372502077 0.365239693 0.456324637 0.429759227 0.423579521 0.389601607 0.353272332 0.352292626 0.361391549 0.475533503 0.588731391 0.126899807 
CAL     0.363775343 0.000000000 0.051816901 0.049977064 0.049587637 0.049700413 0.062695616 0.134821669 0.115244611 0.155515148 0.230292926 0.235926431 0.190954319 0.199032713 0.150872731 0.123199723 0.168690330 0.204883056 0.171378779 0.148937327 0.137806825 0.147703775 0.175331959 0.161371857 0.170882297 0.157271735 0.150373762 0.242476122 0.216313129 0.226655595 0.191839222 0.155488359 0.154771127 0.163611354 0.498834636 0.614718008 0.377684884 
PON     0.354002755 0.051816901 0.000000000 0.016335267 0.015901453 0.016168400 0.038969147 0.125297748 0.105720690 0.146011052 0.220503659 0.226137164 0.181365433 0.189299035 0.141368635 0.113893643 0.159150081 0.195378960 0.161874684 0.139404030 0.128559874 0.138170478 0.165909716 0.151838560 0.161378202 0.148020083 0.140869666 0.232972027 0.206809033 0.217059756 0.182271235 0.145920373 0.145226914 0.154067141 0.489025894 0.604945420 0.368231429 
HOM     0.352350648 0.049977064 0.016335267 0.000000000 0.006426001 0.007933869 0.037080815 0.123401809 0.103824751 0.144115113 0.218973171 0.224606675 0.179461183 0.187768547 0.139472696 0.111989393 0.157254142 0.193483021 0.159978745 0.137499780 0.126663936 0.136266228 0.164257609 0.149934311 0.159482263 0.146124144 0.138973728 0.231076088 0.204913094 0.215163817 0.180366985 0.144016123 0.143322664 0.152162891 0.487373787 0.603293313 0.366579322 
PAN     0.352080739 0.049587637 0.015901453 0.006426001 0.000000000 0.007516858 0.036492126 0.123131901 0.103554843 0.143845205 0.218588954 0.224222459 0.179094196 0.187384330 0.139202788 0.111622406 0.156984233 0.193213113 0.159708837 0.137132793 0.126394027 0.135899241 0.163987700 0.149567323 0.159212354 0.145854236 0.138703819 0.230806179 0.204643186 0.214893909 0.179999998 0.143649136 0.142955677 0.151795904 0.487103879 0.603023405 0.366309413 
GOR     0.352285204 0.049700413 0.016168400 0.007933869 0.007516858 0.000000000 0.036833621 0.123336366 0.103759307 0.144049670 0.218793419 0.224426924 0.179298650 0.187588795 0.139407252 0.111652079 0.157188698 0.193417578 0.159913301 0.137337247 0.126598492 0.136103695 0.164192165 0.149771778 0.159416819 0.146058701 0.138908284 0.231010644 0.204847650 0.215098373 0.180204452 0.143853590 0.143160131 0.152000358 0.487308343 0.603227870 0.366513878 
NEW     0.365327980 0.062695616 0.038969147 0.037080815 0.036492126 0.036833621 0.000000000 0.136373897 0.116796839 0.157087201 0.231822720 0.237456224 0.192446573 0.200618096 0.152444784 0.124800002 0.169817301 0.206455110 0.172950833 0.150485170 0.139636024 0.149251618 0.177234941 0.162919701 0.172454351 0.159096232 0.151945816 0.244048176 0.217885182 0.227726976 0.193352375 0.157001513 0.156308054 0.165148281 0.499942190 0.616270645 0.379556654 
OTO     0.380390417 0.134821669 0.125297748 0.123401809 0.123131901 0.123336366 0.136373897 0.000000000 0.102094192 0.170895236 0.246764508 0.252410527 0.206967559 0.215066883 0.167243637 0.145562606 0.184416230 0.220569417 0.187286078 0.165070033 0.154458182 0.164045901 0.191997762 0.177664259 0.187241097 0.173984447 0.166883382 0.257837047 0.232526793 0.243194292 0.208383147 0.172032284 0.171303513 0.180164188 0.515381232 0.631333082 0.394619090 
MIC     0.360714368 0.115244611 0.105720690 0.103824751 0.103554843 0.103759307 0.116796839 0.102094192 0.000000000 0.151642237 0.227091476 0.232737496 0.187506830 0.195819458 0.147427724 0.125934351 0.164644425 0.201087401 0.168234473 0.145860332 0.134979735 0.144602223 0.172548218 0.158270306 0.167736835 0.154426562 0.147277329 0.239121577 0.212897931 0.223433081 0.188894097 0.152543234 0.151834911 0.160675138 0.495761219 0.611657033 0.374943041 
TUP     0.386539817 0.155515148 0.146011052 0.144115113 0.143845205 0.144049670 0.157087201 0.170895236 0.151642237 0.000000000 0.252432992 0.258089777 0.212954886 0.221156103 0.173097028 0.165100609 0.189475870 0.225300257 0.193202189 0.171668480 0.161830918 0.170891622 0.198887736 0.184111298 0.194206678 0.180848038 0.174159056 0.264354586 0.238955007 0.249874379 0.215597544 0.179246682 0.178799083 0.187618616 0.520522264 0.636442856 0.400788364 
MUS     0.460380999 0.230292926 0.220503659 0.218973171 0.218588954 0.218793419 0.231822720 0.246764508 0.227091476 0.252432992 0.000000000 0.080808500 0.241154444 0.259600982 0.217723785 0.240866302 0.255441831 0.290948391 0.269507959 0.247216677 0.236127461 0.245935116 0.273103812 0.259536575 0.268865011 0.254872521 0.248370013 0.339563476 0.313359889 0.324069244 0.290174175 0.253823312 0.253093524 0.261940213 0.595490155 0.711374338 0.474609673 
RAT     0.466019688 0.235926431 0.226137164 0.224606675 0.224222459 0.224426924 0.237456224 0.252410527 0.232737496 0.258089777 0.080808500 0.000000000 0.246787949 0.265328740 0.223287380 0.246527976 0.261169588 0.296676148 0.275146649 0.252855367 0.241766151 0.251573806 0.278742502 0.265175264 0.274503701 0.260511211 0.254008703 0.345202165 0.318998578 0.329707933 0.295812864 0.259462002 0.258732213 0.267578903 0.601128845 0.717013027 0.480248362 
DIP     0.421758100 0.190954319 0.181365433 0.179461183 0.179094196 0.179298650 0.192446573 0.206967559 0.187506830 0.212954886 0.241154444 0.246787949 0.000000000 0.223994945 0.178249995 0.201165788 0.213967033 0.249809049 0.229102659 0.206503162 0.196316180 0.205177436 0.233117680 0.218813706 0.228391319 0.215712718 0.208576779 0.297594554 0.272795038 0.285132721 0.250244544 0.213893681 0.213141113 0.222001788 0.555849506 0.672959448 0.435986774 
CAV     0.428731206 0.199032713 0.189299035 0.187768547 0.187384330 0.187588795 0.200618096 0.215066883 0.195819458 0.221156103 0.259600982 0.265328740 0.223994945 0.000000000 0.186026694 0.208718408 0.222692031 0.258291820 0.236098654 0.215035567 0.204092602 0.213565409 0.240816749 0.227233492 0.236555888 0.223405213 0.216406482 0.305551508 0.280469348 0.292713729 0.258776509 0.222425647 0.221600416 0.230451360 0.563949687 0.680296520 0.442979753 
SPE     0.381882175 0.150872731 0.141368635 0.139472696 0.139202788 0.139407252 0.152444784 0.167243637 0.147427724 0.173097028 0.217723785 0.223287380 0.178249995 0.186026694 0.000000000 0.161400885 0.176866395 0.212751093 0.189572915 0.167262705 0.156478137 0.166168903 0.193899954 0.179836986 0.189194864 0.175933710 0.168782388 0.260649865 0.234120176 0.244919175 0.210376199 0.174025337 0.173119786 0.181970740 0.517034850 0.633003058 0.396126233 
TAR     0.374003200 0.123199723 0.113893643 0.111989393 0.111622406 0.111652079 0.124800002 0.145562606 0.125934351 0.165100609 0.240866302 0.246527976 0.201165788 0.208718408 0.161400885 0.000000000 0.178179614 0.214355048 0.181949609 0.159459106 0.148959955 0.158363888 0.186669357 0.172031970 0.181782576 0.168268852 0.161232690 0.252490467 0.226507498 0.237011742 0.202526613 0.166175751 0.165458524 0.174053270 0.508494699 0.624725287 0.388251747 
ORY     0.399473130 0.168690330 0.159150081 0.157254142 0.156984233 0.157188698 0.169817301 0.184416230 0.164644425 0.189475870 0.255441831 0.261169588 0.213967033 0.222692031 0.176866395 0.178179614 0.000000000 0.138198537 0.207448024 0.185445320 0.174318642 0.183445663 0.211284857 0.196958976 0.206602536 0.193636204 0.186461486 0.274120098 0.249547268 0.261880053 0.228611968 0.192261105 0.191674758 0.200535433 0.532769348 0.650472632 0.413706435 
OCH     0.435477934 0.204883056 0.195378960 0.193483021 0.193213113 0.193417578 0.206455110 0.220569417 0.201087401 0.225300257 0.290948391 0.296676148 0.249809049 0.258291820 0.212751093 0.214355048 0.138198537 0.000000000 0.243560422 0.221557718 0.210431040 0.219558061 0.247397255 0.233071374 0.242714934 0.229748602 0.222573884 0.310490989 0.285775000 0.298582747 0.264515789 0.228164926 0.227750890 0.236611565 0.569400096 0.686477436 0.449711239 
MYO     0.386295591 0.171378779 0.161874684 0.159978745 0.159708837 0.159913301 0.172950833 0.187286078 0.168234473 0.193202189 0.269507959 0.275146649 0.229102659 0.236098654 0.189572915 0.181949609 0.207448024 0.243560422 0.000000000 0.123861854 0.135543270 0.143908465 0.171883361 0.157129805 0.167165543 0.155058705 0.148044360 0.238630777 0.215822529 0.248652558 0.213737067 0.177386204 0.176424260 0.185229238 0.521344126 0.637031087 0.400554876 
PTE     0.364002807 0.148937327 0.139404030 0.137499780 0.137132793 0.137337247 0.150485170 0.165070033 0.145860332 0.171668480 0.247216677 0.252855367 0.206503162 0.215035567 0.167262705 0.159459106 0.185445320 0.221557718 0.123861854 0.000000000 0.113657160 0.122123307 0.150801958 0.135330469 0.145735270 0.133820236 0.126529694 0.221450100 0.195944108 0.225890332 0.190739653 0.154473748 0.153948231 0.162753209 0.499376287 0.615062599 0.378262091 
EQU     0.353008476 0.137806825 0.128559874 0.126663936 0.126394027 0.126598492 0.139636024 0.154458182 0.134979735 0.161830918 0.236127461 0.241766151 0.196316180 0.204092602 0.156478137 0.148959955 0.174318642 0.210431040 0.135543270 0.113657160 0.000000000 0.111290189 0.139044782 0.124946546 0.133869815 0.119774085 0.112884508 0.211052716 0.185089830 0.215457212 0.180387088 0.144036226 0.143273132 0.152078109 0.488235225 0.603980641 0.366980004 
TUR     0.362676221 0.147703775 0.138170478 0.136266228 0.135899241 0.136103695 0.149251618 0.164045901 0.144602223 0.170891622 0.245935116 0.251573806 0.205177436 0.213565409 0.166168903 0.158363888 0.183445663 0.219558061 0.143908465 0.122123307 0.111290189 0.000000000 0.089996750 0.095019064 0.099090124 0.130689417 0.123312098 0.217063177 0.193020819 0.225222736 0.189721524 0.153370661 0.152458898 0.161263876 0.497631585 0.613537767 0.376909526 
BOS     0.390057457 0.175331959 0.165909716 0.164257609 0.163987700 0.164192165 0.177234941 0.191997762 0.172548218 0.198887736 0.273103812 0.278742502 0.233117680 0.240816749 0.193899954 0.186669357 0.211284857 0.247397255 0.171883361 0.150801958 0.139044782 0.089996750 0.000000000 0.123413712 0.125522481 0.158458776 0.151328216 0.243945321 0.220582032 0.253221131 0.218167084 0.181816222 0.180904459 0.189709436 0.524773678 0.640919003 0.403966999 
VIC     0.376344304 0.161371857 0.151838560 0.149934311 0.149567323 0.149771778 0.162919701 0.177664259 0.158270306 0.184111298 0.259536575 0.265175264 0.218813706 0.227233492 0.179836986 0.172031970 0.196958976 0.233071374 0.157129805 0.135330469 0.124946546 0.095019064 0.123413712 0.000000000 0.118025581 0.144340861 0.136884789 0.230479795 0.206312130 0.238890819 0.203389606 0.167038744 0.166014488 0.174819465 0.511096469 0.627205849 0.390577609 
SUS     0.385615423 0.170882297 0.161378202 0.159482263 0.159212354 0.159416819 0.172454351 0.187241097 0.167736835 0.194206678 0.268865011 0.274503701 0.228391319 0.236555888 0.189194864 0.181782576 0.206602536 0.242714934 0.167165543 0.145735270 0.133869815 0.099090124 0.125522481 0.118025581 0.000000000 0.153525068 0.146311936 0.237760398 0.215828741 0.248175954 0.213121907 0.176771044 0.175808231 0.184613209 0.520620785 0.636476968 0.399848728 
CAN     0.372502077 0.157271735 0.148020083 0.146124144 0.145854236 0.146058701 0.159096232 0.173984447 0.154426562 0.180848038 0.254872521 0.260511211 0.215712718 0.223405213 0.175933710 0.168268852 0.193636204 0.229748602 0.155058705 0.133820236 0.119774085 0.130689417 0.158458776 0.144340861 0.153525068 0.000000000 0.089202708 0.230375323 0.204655034 0.234207062 0.199796077 0.163445214 0.162756291 0.171561268 0.507702185 0.622900867 0.386478307 
FEL     0.365239693 0.150373762 0.140869666 0.138973728 0.138703819 0.138908284 0.151945816 0.166883382 0.147277329 0.174159056 0.248370013 0.254008703 0.208576779 0.216406482 0.168782388 0.161232690 0.186461486 0.222573884 0.148044360 0.126529694 0.112884508 0.123312098 0.151328216 0.136884789 0.146311936 0.089202708 0.000000000 0.223055005 0.197446753 0.227757223 0.192703176 0.156352313 0.155631874 0.164436852 0.500396886 0.616105746 0.379488239 
SOR     0.456324637 0.242476122 0.232972027 0.231076088 0.230806179 0.231010644 0.244048176 0.257837047 0.239121577 0.264354586 0.339563476 0.345202165 0.297594554 0.305551508 0.260649865 0.252490467 0.274120098 0.310490989 0.238630777 0.221450100 0.211052716 0.217063177 0.243945321 0.230479795 0.237760398 0.230375323 0.223055005 0.000000000 0.252700631 0.318949341 0.284431749 0.248080887 0.247681707 0.256255758 0.590721345 0.707242700 0.470568695 
ERI     0.429759227 0.216313129 0.206809033 0.204913094 0.204643186 0.204847650 0.217885182 0.232526793 0.212897931 0.238955007 0.313359889 0.318998578 0.272795038 0.280469348 0.234120176 0.226507498 0.249547268 0.285775000 0.215822529 0.195944108 0.185089830 0.193020819 0.220582032 0.206312130 0.215828741 0.204655034 0.197446753 0.252700631 0.000000000 0.292996297 0.258167911 0.221997867 0.221546823 0.230033101 0.565860853 0.681350535 0.444007774 
ECH     0.423579521 0.226655595 0.217059756 0.215163817 0.214893909 0.215098373 0.227726976 0.243194292 0.223433081 0.249874379 0.324069244 0.329707933 0.285132721 0.292713729 0.244919175 0.237011742 0.261880053 0.298582747 0.248652558 0.225890332 0.215457212 0.225222736 0.253221131 0.238890819 0.248175954 0.234207062 0.227757223 0.318949341 0.292996297 0.000000000 0.202269910 0.167998108 0.213824615 0.222664676 0.558279145 0.674632479 0.437808195 
PRO     0.389601607 0.191839222 0.182271235 0.180366985 0.179999998 0.180204452 0.193352375 0.208383147 0.188894097 0.215597544 0.290174175 0.295812864 0.250244544 0.258776509 0.210376199 0.202526613 0.228611968 0.264515789 0.213737067 0.190739653 0.180387088 0.189721524 0.218167084 0.203389606 0.213121907 0.199796077 0.192703176 0.284431749 0.258167911 0.202269910 0.000000000 0.110718885 0.178029300 0.186869361 0.524959653 0.640941984 0.403830281 
LOX     0.353272332 0.155488359 0.145920373 0.144016123 0.143649136 0.143853590 0.157001513 0.172032284 0.152543234 0.179246682 0.253823312 0.259462002 0.213893681 0.222425647 0.174025337 0.166175751 0.192261105 0.228164926 0.177386204 0.154473748 0.144036226 0.153370661 0.181816222 0.167038744 0.176771044 0.163445214 0.156352313 0.248080887 0.221997867 0.167998108 0.110718885 0.000000000 0.141678438 0.150518499 0.488630378 0.604612709 0.367501006 
CHO     0.352292626 0.154771127 0.145226914 0.143322664 0.142955677 0.143160131 0.156308054 0.171303513 0.151834911 0.178799083 0.253093524 0.258732213 0.213141113 0.221600416 0.173119786 0.165458524 0.191674758 0.227750890 0.176424260 0.153948231 0.143273132 0.152458898 0.180904459 0.166014488 0.175808231 0.162756291 0.155631874 0.247681707 0.221546823 0.213824615 0.178029300 0.141678438 0.000000000 0.100046541 0.487918413 0.603710632 0.366521300 
DAS     0.361391549 0.163611354 0.154067141 0.152162891 0.151795904 0.152000358 0.165148281 0.180164188 0.160675138 0.187618616 0.261940213 0.267578903 0.222001788 0.230451360 0.181970740 0.174053270 0.200535433 0.236611565 0.185229238 0.162753209 0.152078109 0.161263876 0.189709436 0.174819465 0.184613209 0.171561268 0.164436852 0.256255758 0.230033101 0.222664676 0.186869361 0.150518499 0.100046541 0.000000000 0.497017336 0.612842266 0.375620223 
ORN     0.475533503 0.498834636 0.489025894 0.487373787 0.487103879 0.487308343 0.499942190 0.515381232 0.495761219 0.520522264 0.595490155 0.601128845 0.555849506 0.563949687 0.517034850 0.508494699 0.532769348 0.569400096 0.521344126 0.499376287 0.488235225 0.497631585 0.524773678 0.511096469 0.520620785 0.507702185 0.500396886 0.590721345 0.565860853 0.558279145 0.524959653 0.488630378 0.487918413 0.497017336 0.000000000 0.654694652 0.490064960 
GAL     0.588731391 0.614718008 0.604945420 0.603293313 0.603023405 0.603227870 0.616270645 0.631333082 0.611657033 0.636442856 0.711374338 0.717013027 0.672959448 0.680296520 0.633003058 0.624725287 0.650472632 0.686477436 0.637031087 0.615062599 0.603980641 0.613537767 0.640919003 0.627205849 0.636476968 0.622900867 0.616105746 0.707242700 0.681350535 0.674632479 0.640941984 0.604612709 0.603710632 0.612842266 0.654694652 0.000000000 0.603262847 
MON     0.126899807 0.377684884 0.368231429 0.366579322 0.366309413 0.366513878 0.379556654 0.394619090 0.374943041 0.400788364 0.474609673 0.480248362 0.435986774 0.442979753 0.396126233 0.388251747 0.413706435 0.449711239 0.400554876 0.378262091 0.366980004 0.376909526 0.403966999 0.390577609 0.399848728 0.386478307 0.379488239 0.470568695 0.444007774 0.437808195 0.403830281 0.367501006 0.366521300 0.375620223 0.490064960 0.603262847 0.000000000 
