37
MAC     0.000000000 0.112676393 0.103194151 0.106462954 0.098041334 0.098043529 0.099320072 0.117767635 0.101414315 0.130812766 0.142647589 0.155252083 0.117465686 0.148072494 0.102984327 0.102207329 0.099701184 0.137410769 0.126374035 0.095399475 0.095581568 0.124272538 0.127482506 0.112043687 0.106414489 0.107993055 0.098479266 0.114193793 0.139186790 0.132939402 0.127208516 0.118743896 0.087460371 0.088611290 0.092127835 0.138047392 0.027221325 
CAL     0.112676393 0.000000000 0.014459721 0.014430391 0.015022932 0.013955108 0.015025816 0.042026955 0.036301591 0.041041649 0.083097022 0.079181634 0.051491931 0.053975821 0.047347935 0.036628506 0.041694864 0.061231792 0.041568512 0.042184051 0.036945216 0.036710394 0.055884362 0.042935946 0.041055254 0.047544555 0.046752070 0.060409544 0.058872085 0.075170959 0.058591992 0.046201143 0.047474677 0.050274258 0.121798865 0.149887356 0.094028624 
PON     0.103194151 0.014459721 0.000000000 0.002389060 0.003068066 0.001778239 0.005309987 0.038461197 0.026819349 0.044282368 0.081262267 0.076450157 0.053383874 0.057216540 0.038904711 0.034718766 0.032212621 0.063221912 0.035955401 0.037175168 0.034883760 0.039951114 0.053091492 0.037322835 0.041636410 0.043978797 0.042044959 0.060896604 0.061437774 0.073408964 0.055026234 0.046561614 0.049016287 0.049822160 0.118506063 0.140405113 0.084546382 
HOM     0.106462954 0.014430391 0.002389060 0.000000000 0.000003360 0.000003752 0.005991299 0.037396041 0.030168604 0.040767074 0.078307663 0.078048564 0.052554299 0.053701246 0.042253966 0.035058715 0.035561876 0.060957218 0.034174065 0.035393832 0.033102424 0.036435820 0.053634682 0.035541499 0.039855074 0.045381017 0.040263623 0.059115267 0.058597511 0.075444872 0.056428454 0.046826440 0.047200102 0.046061478 0.115130914 0.143754368 0.087895637 
PAN     0.098041334 0.015022932 0.003068066 0.000003360 0.000000000 0.000004352 0.001283129 0.037988582 0.021666532 0.040171510 0.080772790 0.079360696 0.048231057 0.053105682 0.033751894 0.029565950 0.027059805 0.060361654 0.034766606 0.035986373 0.031581429 0.035840256 0.053363737 0.036134040 0.040185115 0.046339240 0.040856164 0.059539405 0.058001947 0.075134697 0.057386677 0.047263511 0.045386825 0.044561932 0.111761009 0.135252296 0.079393565 
GOR     0.098043529 0.013955108 0.001778239 0.000003752 0.000004352 0.000000000 0.001285325 0.036920759 0.021668728 0.042330482 0.080770721 0.080208799 0.048233253 0.055264654 0.033754089 0.029568145 0.027062000 0.062520626 0.033698782 0.034918549 0.031583624 0.037999227 0.053268416 0.035066216 0.039379791 0.044770195 0.039788340 0.058639985 0.060160919 0.073324526 0.055817632 0.044354711 0.045389021 0.044559863 0.115120588 0.135254492 0.079395760 
NEW     0.099320072 0.015025816 0.005309987 0.005991299 0.001283129 0.001285325 0.000000000 0.039298590 0.022945270 0.039662764 0.079978196 0.078240408 0.049509796 0.052596935 0.035030632 0.030844688 0.028338543 0.059852907 0.041964107 0.040805166 0.032860167 0.035331509 0.054943136 0.043331541 0.039676369 0.046362120 0.047128065 0.059030659 0.057493200 0.075172159 0.057409557 0.047452521 0.046095792 0.047816483 0.115050740 0.136531035 0.080672303 
OTO     0.117767635 0.042026955 0.038461197 0.037396041 0.037988582 0.036920759 0.039298590 0.000000000 0.016355515 0.054519387 0.083736601 0.083042063 0.063091997 0.066887775 0.048764576 0.041960027 0.046786105 0.064013894 0.044405187 0.045624954 0.043333546 0.048875022 0.053883474 0.045772621 0.050086196 0.044770779 0.045536724 0.069346390 0.062229756 0.075553144 0.055818216 0.047353597 0.049420387 0.050265666 0.131093600 0.154978597 0.099119865 
MIC     0.101414315 0.036301591 0.026819349 0.030168604 0.021666532 0.021668728 0.022945270 0.016355515 0.000000000 0.047644527 0.080959458 0.083637684 0.051604039 0.063150683 0.037124875 0.032938931 0.030432786 0.061741393 0.041037990 0.042257757 0.034954410 0.045507825 0.051610974 0.042405424 0.045787331 0.042498279 0.043264224 0.061663231 0.059957256 0.073280644 0.053545716 0.045081096 0.048359680 0.047709912 0.113617570 0.138625278 0.082766546 
TUP     0.130812766 0.041041649 0.044282368 0.040767074 0.040171510 0.042330482 0.039662764 0.054519387 0.047644527 0.000000000 0.083966889 0.089225713 0.066129324 0.065329205 0.027830634 0.047981891 0.059734829 0.072585177 0.058941373 0.053537436 0.048298601 0.048063779 0.061459340 0.058163355 0.052408639 0.055771823 0.052793851 0.071762929 0.070225470 0.081212740 0.068018269 0.050491166 0.058828062 0.049560048 0.140805706 0.168023728 0.112164996 
MUS     0.142647589 0.083097022 0.081262267 0.078307663 0.080772790 0.080770721 0.079978196 0.083736601 0.080959458 0.083966889 0.000000000 0.010648916 0.082677607 0.081230169 0.069243879 0.079673314 0.084357003 0.100061952 0.087475527 0.088991462 0.075465214 0.087453694 0.085870948 0.087770328 0.081477988 0.080518014 0.078278675 0.101329589 0.103322981 0.103639503 0.096911441 0.088446822 0.091725405 0.087309161 0.151315548 0.189142744 0.133284012 
RAT     0.155252083 0.079181634 0.076450157 0.078048564 0.079360696 0.080208799 0.078240408 0.083042063 0.083637684 0.089225713 0.010648916 0.000000000 0.087936430 0.086488992 0.064431769 0.084932137 0.081264939 0.095249842 0.092734351 0.089912511 0.070653104 0.082641584 0.081058838 0.082958218 0.076665878 0.075705904 0.073466565 0.102250638 0.102016453 0.104560552 0.098003123 0.088514677 0.093022234 0.094106126 0.163920043 0.196249023 0.140390292 
DIP     0.117465686 0.051491931 0.053383874 0.052554299 0.048231057 0.048233253 0.049509796 0.063091997 0.051604039 0.066129324 0.082677607 0.087936430 0.000000000 0.069393618 0.053176246 0.052397052 0.049890907 0.082259456 0.066444375 0.064823638 0.051005781 0.059349981 0.073041493 0.067467900 0.061838702 0.063928798 0.063788362 0.083049131 0.081387775 0.092207250 0.074976235 0.063237435 0.064811177 0.065962097 0.203205609 0.154676648 0.098817917 
CAV     0.148072494 0.053975821 0.057216540 0.053701246 0.053105682 0.055264654 0.052596935 0.066887775 0.063150683 0.065329205 0.081230169 0.086488992 0.069393618 0.000000000 0.048367763 0.057142912 0.070816255 0.079381433 0.070817356 0.058856582 0.056255127 0.056020305 0.070239410 0.066943424 0.060365165 0.062135672 0.065641236 0.079719455 0.078181996 0.098853016 0.079118088 0.070653469 0.066784588 0.069584169 0.175263602 0.201027865 0.133547322 
SPE     0.102984327 0.047347935 0.038904711 0.042253966 0.033751894 0.033754089 0.035030632 0.048764576 0.037124875 0.027830634 0.069243879 0.064431769 0.053176246 0.048367763 0.000000000 0.037917889 0.035411744 0.066117030 0.054247600 0.049493619 0.036524422 0.052182675 0.051926026 0.052986541 0.047357344 0.046573091 0.044333752 0.055340338 0.067060355 0.080383743 0.060648815 0.052184195 0.050329819 0.051480738 0.112592636 0.140195290 0.084336558 
TAR     0.102207329 0.036628506 0.034718766 0.035058715 0.029565950 0.029568145 0.030844688 0.041960027 0.032938931 0.047981891 0.079673314 0.084932137 0.052397052 0.057142912 0.037917889 0.000000000 0.024831464 0.064398883 0.045320702 0.045351142 0.035747424 0.039877485 0.056421951 0.046688135 0.044222345 0.047309256 0.048075201 0.063576635 0.062039176 0.078091621 0.058356693 0.048690773 0.049552820 0.045577412 0.142070051 0.139418291 0.083559559 
ORY     0.099701184 0.041694864 0.032212621 0.035561876 0.027059805 0.027062000 0.028338543 0.046786105 0.030432786 0.059734829 0.084357003 0.081264939 0.049890907 0.070816255 0.035411744 0.024831464 0.000000000 0.045079638 0.059897786 0.056009951 0.033241279 0.057003957 0.061241868 0.049703398 0.044074200 0.055251564 0.053649595 0.087432907 0.072710541 0.086033929 0.066299001 0.057834382 0.047046675 0.048197594 0.124575298 0.136912146 0.081053414 
OCH     0.137410769 0.061231792 0.063221912 0.060957218 0.060361654 0.062520626 0.059852907 0.064013894 0.061741393 0.072585177 0.100061952 0.095249842 0.082259456 0.079381433 0.066117030 0.064398883 0.045079638 0.000000000 0.069496918 0.068749934 0.063511099 0.063276277 0.073963391 0.072443839 0.067621137 0.064850696 0.065616641 0.086975427 0.082309672 0.095633061 0.075898133 0.067433513 0.070712097 0.076840141 0.147261544 0.174621731 0.118762999 
MYO     0.126374035 0.041568512 0.035955401 0.034174065 0.034766606 0.033698782 0.041964107 0.044405187 0.041037990 0.058941373 0.087475527 0.092734351 0.066444375 0.070817356 0.054247600 0.045320702 0.059897786 0.069496918 0.000000000 0.025133134 0.025187303 0.031883484 0.043384316 0.028781083 0.033094659 0.034271621 0.032351750 0.051203394 0.051790486 0.077154557 0.057419629 0.048955010 0.049831583 0.050637456 0.139202613 0.168076658 0.111848863 
PTE     0.095399475 0.042184051 0.037175168 0.035393832 0.035986373 0.034918549 0.040805166 0.045624954 0.042257757 0.053537436 0.088991462 0.089912511 0.064823638 0.058856582 0.049493619 0.045351142 0.056009951 0.068749934 0.025133134 0.000000000 0.026407070 0.031764457 0.040279569 0.030000850 0.034314426 0.035008527 0.029863927 0.045578454 0.058793317 0.066269279 0.058156535 0.049148409 0.047501257 0.048334641 0.109668326 0.180066312 0.107793839 
EQU     0.095581568 0.036945216 0.034883760 0.033102424 0.031581429 0.031583624 0.032860167 0.043333546 0.034954410 0.048298601 0.075465214 0.070653104 0.051005781 0.056255127 0.036524422 0.035747424 0.033241279 0.063511099 0.025187303 0.026407070 0.000000000 0.029052489 0.039064180 0.027709442 0.019274687 0.029850870 0.031280108 0.050131753 0.053554481 0.067655482 0.060137280 0.041375040 0.042927059 0.044077978 0.117856805 0.132792530 0.076933798 
TUR     0.124272538 0.036710394 0.039951114 0.036435820 0.035840256 0.037999227 0.035331509 0.048875022 0.045507825 0.048063779 0.087453694 0.082641584 0.059349981 0.056020305 0.052182675 0.039877485 0.057003957 0.063276277 0.031883484 0.031764457 0.029052489 0.000000000 0.017146854 0.029175259 0.027894654 0.033017449 0.033783394 0.054857118 0.053319659 0.076776127 0.057041199 0.047797427 0.045809439 0.048609020 0.155080766 0.161483501 0.105624769 
BOS     0.127482506 0.055884362 0.053091492 0.053634682 0.053363737 0.053268416 0.054943136 0.053883474 0.051610974 0.061459340 0.085870948 0.081058838 0.073041493 0.070239410 0.051926026 0.056421951 0.061241868 0.073963391 0.043384316 0.040279569 0.039064180 0.017146854 0.000000000 0.034475745 0.032246797 0.037862352 0.038628298 0.070940920 0.062799279 0.081621030 0.061886102 0.053421483 0.056700066 0.063081027 0.136150466 0.170150834 0.114292102 
VIC     0.112043687 0.042935946 0.037322835 0.035541499 0.036134040 0.035066216 0.043331541 0.045772621 0.042405424 0.058163355 0.087770328 0.082958218 0.067467900 0.066943424 0.052986541 0.046688135 0.049703398 0.072443839 0.028781083 0.030000850 0.027709442 0.029175259 0.034475745 0.000000000 0.018200842 0.036342800 0.034870641 0.053722286 0.061279728 0.075582997 0.060366551 0.049776855 0.051199016 0.052004890 0.122000268 0.149254649 0.093395918 
SUS     0.106414489 0.041055254 0.041636410 0.039855074 0.040185115 0.039379791 0.039676369 0.050086196 0.045787331 0.052408639 0.081477988 0.076665878 0.061838702 0.060365165 0.047357344 0.044222345 0.044074200 0.067621137 0.033094659 0.034314426 0.019274687 0.027894654 0.032246797 0.018200842 0.000000000 0.038354287 0.036797700 0.058035861 0.057664519 0.073858921 0.066150054 0.054950101 0.050154299 0.052953880 0.120276192 0.143625451 0.087766720 
CAN     0.107993055 0.047544555 0.043978797 0.045381017 0.046339240 0.044770195 0.046362120 0.044770779 0.042498279 0.055771823 0.080518014 0.075705904 0.063928798 0.062135672 0.046573091 0.047309256 0.055251564 0.064850696 0.034271621 0.035008527 0.029850870 0.033017449 0.037862352 0.036342800 0.038354287 0.000000000 0.017157929 0.063085101 0.053686584 0.066457101 0.052773407 0.044308788 0.047587371 0.055864808 0.116661015 0.156767174 0.100908442 
FEL     0.098479266 0.046752070 0.042044959 0.040263623 0.040856164 0.039788340 0.047128065 0.045536724 0.043264224 0.052793851 0.078278675 0.073466565 0.063788362 0.065641236 0.044333752 0.048075201 0.053649595 0.065616641 0.032351750 0.029863927 0.031280108 0.033783394 0.038628298 0.034870641 0.036797700 0.017157929 0.000000000 0.044105295 0.054452530 0.068462308 0.053539353 0.041055323 0.046028097 0.050391752 0.111858764 0.175449129 0.107968586 
SOR     0.114193793 0.060409544 0.060896604 0.059115267 0.059539405 0.058639985 0.059030659 0.069346390 0.061663231 0.071762929 0.101329589 0.102250638 0.083049131 0.079719455 0.055340338 0.063576635 0.087432907 0.086975427 0.051203394 0.045578454 0.050131753 0.054857118 0.070940920 0.053722286 0.058035861 0.063085101 0.044105295 0.000000000 0.072378429 0.090321560 0.076941561 0.069791892 0.059839384 0.064203038 0.156142208 0.188573615 0.132714883 
ERI     0.139186790 0.058872085 0.061437774 0.058597511 0.058001947 0.060160919 0.057493200 0.062229756 0.059957256 0.070225470 0.103322981 0.102016453 0.081387775 0.078181996 0.067060355 0.062039176 0.072710541 0.082309672 0.051790486 0.058793317 0.053554481 0.053319659 0.062799279 0.061279728 0.057664519 0.053686584 0.054452530 0.072378429 0.000000000 0.089967312 0.070232384 0.061767764 0.065046348 0.070770711 0.191350289 0.192142161 0.124661618 
ECH     0.132939402 0.075170959 0.073408964 0.075444872 0.075134697 0.073324526 0.075172159 0.075553144 0.073280644 0.081212740 0.103639503 0.104560552 0.092207250 0.098853016 0.080383743 0.078091621 0.086033929 0.095633061 0.077154557 0.066269279 0.067655482 0.076776127 0.081621030 0.075582997 0.073858921 0.066457101 0.068462308 0.090321560 0.089967312 0.000000000 0.055453623 0.046048629 0.075717411 0.075665196 0.141607362 0.199898815 0.132418272 
PRO     0.127208516 0.058591992 0.055026234 0.056428454 0.057386677 0.055817632 0.057409557 0.055818216 0.053545716 0.068018269 0.096911441 0.098003123 0.074976235 0.079118088 0.060648815 0.058356693 0.066299001 0.075898133 0.057419629 0.058156535 0.060137280 0.057041199 0.061886102 0.060366551 0.066150054 0.052773407 0.053539353 0.076941561 0.070232384 0.055453623 0.000000000 0.029797089 0.055982483 0.062772556 0.147382114 0.180163887 0.112683344 
LOX     0.118743896 0.046201143 0.046561614 0.046826440 0.047263511 0.044354711 0.047452521 0.047353597 0.045081096 0.050491166 0.088446822 0.088514677 0.063237435 0.070653469 0.052184195 0.048690773 0.057834382 0.067433513 0.048955010 0.049148409 0.041375040 0.047797427 0.053421483 0.049776855 0.054950101 0.044308788 0.041055323 0.069791892 0.061767764 0.046048629 0.029797089 0.000000000 0.047517864 0.045437244 0.138926622 0.171699267 0.104218724 
CHO     0.087460371 0.047474677 0.049016287 0.047200102 0.045386825 0.045389021 0.046095792 0.049420387 0.048359680 0.058828062 0.091725405 0.093022234 0.064811177 0.066784588 0.050329819 0.049552820 0.047046675 0.070712097 0.049831583 0.047501257 0.042927059 0.045809439 0.056700066 0.051199016 0.050154299 0.047587371 0.046028097 0.059839384 0.065046348 0.075717411 0.055982483 0.047517864 0.000000000 0.029338420 0.129612162 0.124671333 0.068812602 
DAS     0.088611290 0.050274258 0.049822160 0.046061478 0.044561932 0.044559863 0.047816483 0.050265666 0.047709912 0.049560048 0.087309161 0.094106126 0.065962097 0.069584169 0.051480738 0.045577412 0.048197594 0.076840141 0.050637456 0.048334641 0.044077978 0.048609020 0.063081027 0.052004890 0.052953880 0.055864808 0.050391752 0.064203038 0.070770711 0.075665196 0.062772556 0.045437244 0.029338420 0.000000000 0.132838951 0.125822252 0.069963521 
ORN     0.092127835 0.121798865 0.118506063 0.115130914 0.111761009 0.115120588 0.115050740 0.131093600 0.113617570 0.140805706 0.151315548 0.163920043 0.203205609 0.175263602 0.112592636 0.142070051 0.124575298 0.147261544 0.139202613 0.109668326 0.117856805 0.155080766 0.136150466 0.122000268 0.120276192 0.116661015 0.111858764 0.156142208 0.191350289 0.141607362 0.147382114 0.138926622 0.129612162 0.132838951 0.000000000 0.158328481 0.098921307 
GAL     0.138047392 0.149887356 0.140405113 0.143754368 0.135252296 0.135254492 0.136531035 0.154978597 0.138625278 0.168023728 0.189142744 0.196249023 0.154676648 0.201027865 0.140195290 0.139418291 0.136912146 0.174621731 0.168076658 0.180066312 0.132792530 0.161483501 0.170150834 0.149254649 0.143625451 0.156767174 0.175449129 0.188573615 0.192142161 0.199898815 0.180163887 0.171699267 0.124671333 0.125822252 0.158328481 0.000000000 0.119399622 
MON     0.027221325 0.094028624 0.084546382 0.087895637 0.079393565 0.079395760 0.080672303 0.099119865 0.082766546 0.112164996 0.133284012 0.140390292 0.098817917 0.133547322 0.084336558 0.083559559 0.081053414 0.118762999 0.111848863 0.107793839 0.076933798 0.105624769 0.114292102 0.093395918 0.087766720 0.100908442 0.107968586 0.132714883 0.124661618 0.132418272 0.112683344 0.104218724 0.068812602 0.069963521 0.098921307 0.119399622 0.000000000 
